[ 7342.850579] [project 1] 8679 1588165532.209602221 1588165532.297321591
[ 7342.981998] [project 1] 8681 1588165532.365463656 1588165532.428746305
[ 7343.109397] [project 1] 8683 1588165532.492857297 1588165532.556145119
[ 7343.235910] [project 1] 8685 1588165532.620014460 1588165532.682656142
[ 7343.363477] [project 1] 8687 1588165532.746489385 1588165532.810222912
[ 7343.491304] [project 1] 8689 1588165532.874455868 1588165532.938049717
[ 7343.618631] [project 1] 8691 1588165533.2171848 1588165533.65372062
[ 7343.745143] [project 1] 8693 1588165533.129101039 1588165533.191887719
[ 7343.871602] [project 1] 8695 1588165533.255774192 1588165533.318338609
[ 7344.000712] [project 1] 8697 1588165533.382231366 1588165533.447450448
